0,273
0,270
10,185
10,223
10,263
10,157
10,165
10,293
9,5
9,2
9,3
46,3
46,1
45,3
45,2
45,1
8,6
8,7
8,10
44,3
44,1
43,4
8,14
8,5
8,2
8,3
43,3
43,1
41,3
41,1
38,3
38,1
36,3
36,1
34,3
34,1
32,4
32,3
32,1
27,3
27,1
24,3
24,1
21,3
21,2
21,1
21,0
20,3
20,2
20,1
12,3
12,2
12,1
11,29
11,28
11,27
11,26
11,25
11,24
11,23
19,2
19,1
11,22
11,21
11,20
11,19
11,18
11,17
11,16
11,15
11,14
11,13
11,12
11,11
11,10
11,9
11,8
11,7
11,6
11,5
11,4
11,3
19,3
11,2
11,1
10,313
10,312
10,311
10,310
10,309
10,308
10,307
10,306
10,305
10,304
10,303
10,302
10,301
10,300
10,299
10,298
10,297
10,296
10,284
10,278
10,270
10,268
10,264
